0.00000e+00
1.19427e-05
3.79460e-03
nan
0.00000e+00
1.19427e-05
3.79460e-03
nan
0.00000e+00
1.19427e-05
3.79460e-03
nan
0.00000e+00
2.07836e-05
3.07554e-05
3.97986e-05
4.25681e-05
5.29472e-05
6.73485e-05
7.50061e-05
8.26024e-05
9.46860e-05
1.05669e-04
1.17200e-04
1.28134e-04
1.35138e-04
1.42882e-04
1.50860e-04
1.67477e-04
1.79704e-04
1.91785e-04
2.09398e-04
2.17451e-04
2.32580e-04
2.29778e-04
2.44267e-04
2.54515e-04
2.65313e-04
2.75137e-04
2.85401e-04
2.93358e-04
3.08033e-04
3.17962e-04
3.24564e-04
3.29188e-04
3.41858e-04
3.57399e-04
3.74757e-04
3.82929e-04
3.97124e-04
4.05927e-04
4.15617e-04
4.27399e-04
4.30262e-04
4.45423e-04
4.49572e-04
4.67161e-04
4.79590e-04
4.86235e-04
4.94655e-04
5.05052e-04
5.10729e-04
5.26636e-04
5.34445e-04
5.46963e-04
5.65420e-04
5.74453e-04
5.91093e-04
5.95081e-04
6.00661e-04
6.15600e-04
6.19360e-04
6.36598e-04
6.41360e-04
6.54002e-04
6.66831e-04
6.75333e-04
6.85630e-04
6.89830e-04
7.00796e-04
7.13972e-04
7.25819e-04
7.40548e-04
7.50382e-04
7.65786e-04
7.77246e-04
7.84353e-04
7.88637e-04
8.02265e-04
8.06032e-04
8.27018e-04
8.34467e-04
8.40486e-04
8.53566e-04
8.61370e-04
8.74046e-04
8.80409e-04
8.88153e-04
8.99782e-04
9.16193e-04
9.29716e-04
9.46086e-04
9.50791e-04
9.60481e-04
9.68734e-04
9.77932e-04
9.90593e-04
9.97913e-04
1.00808e-03
1.02408e-03
1.02593e-03
1.04459e-03
1.04759e-03
1.05476e-03
1.06753e-03
1.07850e-03
1.09130e-03
1.10611e-03
1.11696e-03
1.13060e-03
1.14133e-03
1.14056e-03
1.15493e-03
1.16435e-03
1.17850e-03
1.18814e-03
1.19237e-03
1.20626e-03
1.21875e-03
1.23141e-03
1.23878e-03
1.24028e-03
1.25216e-03
1.27176e-03
1.28421e-03
1.29233e-03
1.30903e-03
1.32168e-03
1.32127e-03
1.33709e-03
1.35110e-03
1.35364e-03
1.36610e-03
1.38256e-03
1.38966e-03
1.40207e-03
1.41186e-03
1.42467e-03
1.42855e-03
1.44279e-03
1.45142e-03
1.46884e-03
1.47919e-03
1.49272e-03
1.51032e-03
1.51358e-03
1.52016e-03
1.53727e-03
1.54951e-03
1.55334e-03
1.56741e-03
1.58300e-03
1.58831e-03
1.60343e-03
1.61462e-03
1.61894e-03
1.62570e-03
1.64600e-03
1.65816e-03
1.66693e-03
1.68173e-03
1.69352e-03
1.71004e-03
1.71468e-03
1.72164e-03
1.73771e-03
1.74534e-03
1.75783e-03
1.77565e-03
1.77957e-03
1.78935e-03
1.80487e-03
1.81749e-03
1.81834e-03
1.83094e-03
1.85024e-03
1.85843e-03
1.87246e-03
1.89069e-03
1.89739e-03
1.90898e-03
1.91407e-03
1.93094e-03
1.94058e-03
1.94770e-03
1.96361e-03
1.97586e-03
1.98483e-03
1.99489e-03
2.00803e-03
2.01546e-03
2.02275e-03
2.04060e-03
2.05601e-03
2.05833e-03
2.08161e-03
2.09935e-03
2.10059e-03
2.10971e-03
2.11922e-03
2.13372e-03
2.14611e-03
2.15603e-03
2.16659e-03
2.17960e-03
2.18684e-03
2.20367e-03
2.21472e-03
2.21385e-03
2.23052e-03
2.24674e-03
2.26190e-03
2.27418e-03
2.29033e-03
2.30294e-03
2.30646e-03
2.32136e-03
2.33361e-03
2.34274e-03
2.35442e-03
2.37204e-03
2.37921e-03
2.39290e-03
2.40335e-03
2.41809e-03
0.00000e+00
2.07836e-05
3.07554e-05
3.97986e-05
4.25681e-05
5.29472e-05
6.73485e-05
7.50061e-05
8.26024e-05
9.46860e-05
1.05669e-04
1.17200e-04
1.28134e-04
1.35138e-04
1.42882e-04
1.50860e-04
1.67477e-04
1.79704e-04
1.91785e-04
2.09398e-04
2.17451e-04
2.32580e-04
2.29778e-04
2.44267e-04
2.54515e-04
2.65313e-04
2.75137e-04
2.85401e-04
2.93358e-04
3.08033e-04
3.17962e-04
3.24564e-04
3.29188e-04
3.41858e-04
3.57399e-04
3.74757e-04
3.82929e-04
3.97124e-04
4.05927e-04
4.15617e-04
4.27399e-04
4.30262e-04
4.45423e-04
4.49572e-04
4.67161e-04
4.79590e-04
4.86235e-04
4.94655e-04
5.05052e-04
5.10729e-04
5.26636e-04
5.34445e-04
5.46963e-04
5.65420e-04
5.74453e-04
5.91093e-04
5.95081e-04
6.00661e-04
6.15600e-04
6.19360e-04
6.36598e-04
6.41360e-04
6.54002e-04
6.66831e-04
6.75333e-04
6.85630e-04
0.00000e+00
2.16933e-05
3.15014e-05
4.12513e-05
4.34629e-05
5.67251e-05
7.22157e-05
7.92665e-05
9.10326e-05
1.04352e-04
1.17238e-04
1.30970e-04
1.43763e-04
1.55046e-04
1.65463e-04
1.75981e-04
1.93509e-04
2.15904e-04
2.37742e-04
2.71406e-04
3.00087e-04
3.50547e-04
3.98589e-04
4.40185e-04
4.98482e-04
5.55936e-04
6.19202e-04
6.86958e-04
7.61284e-04
8.33721e-04
9.17651e-04
1.00569e-03
1.10393e-03
1.20208e-03
1.29482e-03
1.40764e-03
1.52335e-03
1.63813e-03
1.76367e-03
1.89939e-03
2.03693e-03
2.17537e-03
2.33328e-03
2.49015e-03
2.65944e-03
2.83218e-03
3.01405e-03
3.19970e-03
3.39219e-03
3.58764e-03
3.78526e-03
3.99915e-03
4.21190e-03
4.41986e-03
4.64999e-03
4.86327e-03
5.08380e-03
5.29988e-03
5.51788e-03
5.75935e-03
6.03271e-03
6.31780e-03
6.60198e-03
6.88251e-03
7.16361e-03
7.44357e-03
7.71193e-03
7.96743e-03
8.25031e-03
8.65720e-03
9.07683e-03
9.52092e-03
9.98179e-03
1.04466e-02
1.09273e-02
1.14181e-02
1.19160e-02
1.24160e-02
1.29125e-02
1.33869e-02
1.38435e-02
1.41965e-02
1.44615e-02
1.46090e-02
1.46364e-02
1.45800e-02
1.44424e-02
1.42385e-02
1.39821e-02
1.38973e-02
1.44524e-02
1.50237e-02
1.56059e-02
1.62108e-02
1.68156e-02
1.75085e-02
1.82279e-02
2.06979e-02
0.00000e+00
2.07903e-05
3.07527e-05
3.97970e-05
4.25663e-05
5.29365e-05
6.73311e-05
7.49927e-05
8.25798e-05
9.46647e-05
1.05643e-04
1.17167e-04
1.28098e-04
1.35092e-04
1.42831e-04
1.50803e-04
1.67411e-04
1.79624e-04
1.91701e-04
2.09303e-04
2.17368e-04
2.32461e-04
2.29647e-04
2.44115e-04
2.54353e-04
2.65133e-04
2.74938e-04
2.85185e-04
2.93122e-04
3.07776e-04
3.17685e-04
3.24261e-04
3.28862e-04
3.41504e-04
3.57019e-04
3.74352e-04
3.82493e-04
3.96656e-04
4.05429e-04
4.15084e-04
4.26832e-04
4.29665e-04
4.44783e-04
4.48892e-04
4.66441e-04
4.78829e-04
4.85431e-04
4.93807e-04
5.04157e-04
5.09785e-04
5.25647e-04
5.33407e-04
5.45871e-04
5.64276e-04
5.73253e-04
5.89837e-04
5.93769e-04
5.99288e-04
6.14168e-04
6.17907e-04
6.35038e-04
6.39739e-04
6.52314e-04
6.65074e-04
6.73508e-04
6.83733e-04
6.87859e-04
6.98756e-04
7.11855e-04
7.23624e-04
7.38278e-04
7.48029e-04
7.63354e-04
7.74734e-04
7.81757e-04
7.85957e-04
7.99497e-04
8.04189e-04
8.24075e-04
8.31435e-04
8.39076e-04
8.50348e-04
8.58865e-04
8.72586e-04
8.76907e-04
8.84551e-04
8.99577e-04
9.12392e-04
9.26322e-04
9.42081e-04
9.48333e-04
9.56673e-04
9.64940e-04
9.77254e-04
9.86606e-04
9.96243e-04
1.00560e-03
1.02055e-03
1.02754e-03
1.04019e-03
1.04799e-03
1.05492e-03
1.06391e-03
1.07789e-03
1.09202e-03
1.10080e-03
1.11822e-03
1.12990e-03
1.14084e-03
1.13990e-03
1.15522e-03
1.16551e-03
1.17612e-03
1.18954e-03
1.19299e-03
1.20765e-03
1.22055e-03
1.23144e-03
1.24086e-03
1.24252e-03
1.25456e-03
1.27432e-03
1.28694e-03
1.29499e-03
1.31211e-03
1.32495e-03
1.32472e-03
1.34074e-03
1.35495e-03
1.35769e-03
1.37036e-03
1.38704e-03
1.39436e-03
1.40699e-03
1.41702e-03
1.43007e-03
1.43419e-03
1.44868e-03
1.45757e-03
1.47524e-03
1.48586e-03
1.49965e-03
1.51754e-03
1.52109e-03
1.52794e-03
1.54536e-03
1.55789e-03
1.56202e-03
1.57640e-03
1.59231e-03
1.59793e-03
1.61337e-03
1.62489e-03
1.62955e-03
1.63665e-03
1.65729e-03
1.66980e-03
1.67892e-03
1.69408e-03
1.70623e-03
1.72312e-03
1.72811e-03
1.73545e-03
1.75190e-03
1.75990e-03
1.77277e-03
1.79098e-03
1.79528e-03
1.80547e-03
1.82138e-03
1.83439e-03
1.83564e-03
1.84863e-03
1.86833e-03
1.87694e-03
1.89136e-03
1.91001e-03
1.91711e-03
1.92910e-03
1.93460e-03
1.95188e-03
1.96192e-03
1.96946e-03
1.98576e-03
1.99842e-03
2.00780e-03
2.01826e-03
2.03233e-03
2.04256e-03
2.05223e-03
2.07301e-03
2.09136e-03
2.09685e-03
2.12226e-03
2.14228e-03
2.14712e-03
2.16001e-03
2.17296e-03
2.18957e-03
2.20476e-03
2.21828e-03
2.23185e-03
2.24774e-03
2.25871e-03
2.27725e-03
2.29232e-03
2.29345e-03
2.31450e-03
2.33401e-03
2.34941e-03
2.36249e-03
2.38338e-03
2.39747e-03
2.40329e-03
2.42111e-03
2.43538e-03
2.44476e-03
2.46098e-03
2.47886e-03
2.48868e-03
2.50438e-03
2.51560e-03
2.53233e-03
2.54353e-03
2.55687e-03
2.57671e-03
2.59876e-03
2.61622e-03
2.63587e-03
2.65979e-03
2.66371e-03
2.68297e-03
2.70193e-03
2.72112e-03
2.73276e-03
2.75151e-03
2.77203e-03
2.78407e-03
2.81119e-03
2.82142e-03
2.83683e-03
2.85097e-03
2.87157e-03
2.89846e-03
2.91178e-03
2.93168e-03
2.95331e-03
2.97464e-03
2.98317e-03
3.00151e-03
3.02083e-03
3.03651e-03
3.05343e-03
3.07701e-03
3.08935e-03
3.10614e-03
3.12912e-03
3.14282e-03
3.15415e-03
3.17295e-03
3.19397e-03
3.21315e-03
3.23397e-03
3.25026e-03
3.26982e-03
3.28321e-03
3.29533e-03
3.31598e-03
3.33065e-03
3.33954e-03
3.36168e-03
3.38086e-03
3.39041e-03
3.40723e-03
3.42113e-03
3.43106e-03
3.44569e-03
3.46405e-03
3.47861e-03
3.48918e-03
3.51198e-03
3.52519e-03
3.53792e-03
3.54182e-03
3.56270e-03
3.58255e-03
3.61031e-03
3.62990e-03
3.65442e-03
3.67846e-03
3.69625e-03
3.72679e-03
3.74381e-03
3.76121e-03
3.78592e-03
3.81402e-03
3.83784e-03
3.86247e-03
3.88803e-03
3.91102e-03
3.92886e-03
3.94885e-03
3.96964e-03
3.98723e-03
4.01267e-03
4.03208e-03
4.05344e-03
4.06854e-03
4.08661e-03
4.11025e-03
4.12052e-03
4.13652e-03
4.15501e-03
4.17499e-03
4.19359e-03
4.21290e-03
4.22999e-03
4.23578e-03
4.24728e-03
4.26087e-03
4.27494e-03
4.28246e-03
4.30475e-03
4.33294e-03
4.35310e-03
4.38327e-03
4.40122e-03
4.41918e-03
4.43990e-03
4.46274e-03
4.48864e-03
4.50831e-03
4.52957e-03
4.55098e-03
4.56968e-03
4.57974e-03
4.59329e-03
4.60962e-03
4.62174e-03
4.63666e-03
4.64644e-03
4.65877e-03
4.66465e-03
4.67850e-03
4.68352e-03
4.68513e-03
4.70610e-03
4.72262e-03
4.74780e-03
4.76437e-03
4.77891e-03
4.79191e-03
4.80056e-03
4.81203e-03
4.82123e-03
4.82783e-03
4.83203e-03
4.84287e-03
4.84870e-03
4.85604e-03
4.85138e-03
4.85855e-03
4.85241e-03
4.85443e-03
4.85967e-03
4.85273e-03
4.85927e-03
4.85641e-03
4.85932e-03
4.87797e-03
4.88050e-03
4.89422e-03
4.90687e-03
4.91404e-03
4.92772e-03
4.93252e-03
4.93966e-03
4.94773e-03
4.95269e-03
4.94972e-03
4.95379e-03
4.95295e-03
4.96261e-03
4.96255e-03
4.96606e-03
4.96492e-03
4.96654e-03
4.96234e-03
4.95274e-03
4.94841e-03
4.94224e-03
4.93911e-03
4.93753e-03
4.92830e-03
4.91859e-03
4.91318e-03
4.90545e-03
4.89424e-03
4.88849e-03
4.87600e-03
4.87259e-03
4.87054e-03
4.86333e-03
4.87402e-03
4.87477e-03
4.87622e-03
4.88232e-03
4.88672e-03
4.89031e-03
4.88927e-03
4.89338e-03
4.89416e-03
4.89383e-03
4.89488e-03
4.88570e-03
4.88611e-03
4.88797e-03
4.88136e-03
4.88671e-03
4.88953e-03
4.88379e-03
4.90637e-03
4.90508e-03
4.91814e-03
4.93105e-03
4.94312e-03
4.95639e-03
4.96735e-03
4.97543e-03
4.98951e-03
4.99978e-03
5.01406e-03
5.01477e-03
5.02616e-03
5.04003e-03
5.05573e-03
5.07224e-03
5.08287e-03
5.08824e-03
5.10159e-03
5.10683e-03
5.11796e-03
5.12855e-03
5.12996e-03
5.14743e-03
5.15366e-03
5.16707e-03
5.17168e-03
5.18196e-03
5.18674e-03
5.19585e-03
5.20788e-03
5.21945e-03
5.23173e-03
5.24336e-03
5.25712e-03
5.26130e-03
5.26791e-03
5.27779e-03
5.28449e-03
5.30080e-03
5.30040e-03
5.31499e-03
5.32541e-03
5.33472e-03
5.34609e-03
5.34829e-03
5.35471e-03
5.36945e-03
5.38289e-03
5.39722e-03
5.40729e-03
5.41840e-03
5.43330e-03
5.44055e-03
5.44821e-03
5.45785e-03
5.46278e-03
5.48175e-03
5.48942e-03
5.50509e-03
5.51164e-03
5.52057e-03
5.53401e-03
5.53957e-03
5.55341e-03
5.56282e-03
5.57641e-03
5.59415e-03
5.60822e-03
5.61722e-03
5.62973e-03
5.63175e-03
5.64666e-03
5.65703e-03
5.66232e-03
5.67573e-03
5.68848e-03
5.69407e-03
5.71062e-03
5.70957e-03
5.72186e-03
5.72773e-03
5.74033e-03
5.74907e-03
5.75770e-03
5.77134e-03
5.78173e-03
5.79053e-03
5.79173e-03
5.79322e-03
5.79848e-03
5.80797e-03
5.84234e-03
5.89408e-03
5.94415e-03
5.98733e-03
6.03330e-03
6.07273e-03
6.09820e-03
6.12601e-03
6.15520e-03
6.20219e-03
6.35971e-03
6.51248e-03
6.65884e-03
6.79603e-03
6.92448e-03
7.03670e-03
7.13570e-03
7.22064e-03
7.28977e-03
7.33976e-03
7.37427e-03
7.39249e-03
7.38695e-03
7.37671e-03
7.33638e-03
7.36580e-03
7.49333e-03
7.58932e-03
7.67523e-03
7.74488e-03
7.79345e-03
7.83325e-03
7.84447e-03
7.83732e-03
7.82014e-03
7.78827e-03
7.73833e-03
7.67104e-03
7.65653e-03
7.63314e-03
7.59507e-03
7.58177e-03
7.69004e-03
7.80026e-03
7.89446e-03
7.98804e-03
8.07027e-03
8.14479e-03
8.20626e-03
8.25060e-03
8.28715e-03
8.30795e-03
8.32114e-03
8.32131e-03
8.31110e-03
8.28027e-03
8.24755e-03
8.19825e-03
8.13719e-03
8.07098e-03
7.99160e-03
7.97628e-03
8.11716e-03
8.24937e-03
8.37849e-03
8.48775e-03
8.59340e-03
8.68081e-03
8.75780e-03
8.82005e-03
8.86974e-03
8.91181e-03
8.93650e-03
8.94549e-03
8.94466e-03
8.92256e-03
8.90586e-03
8.87124e-03
8.82348e-03
8.77810e-03
8.71243e-03
8.64294e-03
8.57293e-03
8.57847e-03
8.71278e-03
8.82754e-03
8.93407e-03
9.02990e-03
9.09882e-03
9.23833e-03
9.56281e-03
9.85723e-03
1.01023e-02
1.02874e-02
1.04299e-02
1.05163e-02
1.06455e-02
1.09151e-02
1.11640e-02
1.13692e-02
1.14864e-02
1.14965e-02
1.13791e-02
1.11381e-02
1.07798e-02
1.03121e-02
1.00671e-02
1.00840e-02
1.00890e-02
1.00910e-02
1.00883e-02
1.00871e-02
1.00973e-02
1.01215e-02
1.01503e-02
1.01990e-02
1.02573e-02
1.03144e-02
1.03816e-02
1.04603e-02
1.05440e-02
1.06215e-02
1.09824e-02
1.16104e-02
1.21996e-02
1.27319e-02
1.31884e-02
1.35438e-02
1.37970e-02
1.39243e-02
1.39185e-02
1.39264e-02
1.51223e-02
1.65529e-02
1.83296e-02
2.04025e-02
2.26298e-02
2.48636e-02
2.70428e-02
2.89080e-02
3.02877e-02
3.10730e-02
3.11835e-02
2.97476e-02
2.73826e-02
2.59558e-02
2.53249e-02
2.41443e-02
2.25078e-02
2.23775e-02
2.32542e-02
2.57413e-02
2.78958e-02
2.95334e-02
3.04883e-02
3.06317e-02
2.98818e-02
3.35689e-02
3.71480e-02
4.06363e-02
4.12541e-02
4.65528e-02
5.00824e-02
5.21267e-02
5.39196e-02
5.39354e-02
5.82571e-02
5.84971e-02
5.46584e-02
5.93323e-02
